---
Alex: 1936-10-04 00:00:00.000000000 Z
Ely: 1938-09-13 00:00:00.000000000 Z
Jane: 1959-03-27 00:00:00.000000000 Z
Lee: 1922-05-09 00:00:00.000000000 Z
Mara: 1938-01-05 00:00:00.000000000 Z
Pete: 1976-12-13 00:00:00.000000000 Z
Sam: 1927-04-19 00:00:00.000000000 Z
Jeff: 1980-10-12 00:00:00.000000000 Z
Marvin: 1982-05-12 00:00:00.000000000 Z
John: 1972-12-12 00:00:00.000000000 Z
Susy: 1999-10-12 00:00:00.000000000 Z
Joseph: 2012-11-13 00:00:00.000000000 Z
Jose: 2014-10-12 00:00:00 Z
